57.666666666666664
47.0
60.666666666666664
46.333333333333336
68.66666666666667
49.666666666666664
52.666666666666664
59.666666666666664
83.0
45.333333333333336
68.33333333333333
74.33333333333333
75.0
74.0
66.33333333333333
89.66666666666667
56.666666666666664
68.66666666666667
55.0
42.666666666666664
60.333333333333336
37.333333333333336
66.66666666666667
38.666666666666664
77.33333333333333
59.666666666666664
45.666666666666664
67.0
76.66666666666667
65.0
60.666666666666664
75.0
69.33333333333333
40.666666666666664
54.333333333333336
63.0
46.333333333333336
70.66666666666667
37.333333333333336
76.66666666666667
81.0
78.33333333333333
61.0
59.333333333333336
65.66666666666667
59.333333333333336
79.33333333333333
45.0
69.0
69.66666666666667
64.0
62.0
56.666666666666664
65.33333333333333
54.0
41.333333333333336
82.66666666666667
63.666666666666664
39.0
62.333333333333336
73.66666666666667
28.666666666666668
51.666666666666664
46.333333333333336
59.333333333333336
77.0
77.66666666666667
49.333333333333336
77.33333333333333
52.333333333333336
71.66666666666667
67.0
62.333333333333336
48.333333333333336
60.666666666666664
69.66666666666667
79.0
77.0
54.0
71.0
65.33333333333333
76.66666666666667
65.0
85.0
55.0
66.0
72.0
58.666666666666664
78.0
62.0
76.0
75.33333333333333
64.0
57.333333333333336
58.333333333333336
71.66666666666667
43.0
62.0
97.0
57.0
72.66666666666667
67.33333333333333
51.333333333333336
57.0
39.666666666666664
49.666666666666664
55.333333333333336
71.33333333333333
66.33333333333333
45.0
41.0
58.0
42.0
41.0
44.0
75.0
58.0
37.333333333333336
64.33333333333333
58.0
51.333333333333336
56.333333333333336
67.66666666666667
68.66666666666667
59.0
60.333333333333336
64.66666666666667
73.0
58.0
57.666666666666664
46.333333333333336
66.33333333333333
71.33333333333333
67.0
73.33333333333333
64.33333333333333
68.66666666666667
61.88321167883212 62.1021897810219 61.18248175182482